Time,Count
02_52,352
